48   0  4519548  4474578  4564518 17.2 17.0 17.4  1721843  1695196  1748490 24.5 24.1 24.9  1185167  1162199  1208135 23.3 22.8 23.8  53067  52694  53440  510649  498392  522906 26.5 25.9 27.1 Texas                                         TX est14_TX.txt 06NOV2015
48   1     8970     7109    10831 20.4 16.2 24.6     2785     2163     3407 25.4 19.7 31.1     1947     1486     2408 24.4 18.6 30.2  42471  39395  45547                                        Anderson County                               TX est14_TX.txt 06NOV2015
48   3     1858     1429     2287 10.7  8.2 13.2      749      568      930 14.1 10.7 17.5      513      386      640 13.9 10.4 17.4  66878  60057  73699                                        Andrews County                                TX est14_TX.txt 06NOV2015
48   5    15136    12396    17876 17.9 14.7 21.1     5855     4587     7123 25.9 20.3 31.5     3990     3083     4897 24.2 18.7 29.7  42128  39325  44931                                        Angelina County                               TX est14_TX.txt 06NOV2015
48   7     4280     3331     5229 17.5 13.6 21.4     1466     1112     1820 32.0 24.3 39.7     1080      815     1345 31.6 23.8 39.4  44551  40541  48561                                        Aransas County                                TX est14_TX.txt 06NOV2015
48   9      822      626     1018  9.4  7.2 11.6      260      198      322 13.7 10.4 17.0      180      136      224 11.4  8.6 14.2  58867  53751  63983                                        Archer County                                 TX est14_TX.txt 06NOV2015
48  11      208      160      256 11.0  8.4 13.6       72       55       89 15.9 12.0 19.8       50       37       63 15.1 11.3 18.9  55177  50907  59447                                        Armstrong County                              TX est14_TX.txt 06NOV2015
48  13     7988     6258     9718 16.9 13.2 20.6     3222     2469     3975 24.4 18.7 30.1     2263     1713     2813 23.3 17.6 29.0  52785  49459  56111                                        Atascosa County                               TX est14_TX.txt 06NOV2015
48  15     3243     2449     4037 11.2  8.4 14.0     1267      959     1575 18.3 13.9 22.7      884      665     1103 17.2 12.9 21.5  58792  53813  63771                                        Austin County                                 TX est14_TX.txt 06NOV2015
48  17     1348     1078     1618 19.9 15.9 23.9      612      482      742 29.8 23.4 36.2      417      324      510 29.5 22.9 36.1  36821  32834  40808                                        Bailey County                                 TX est14_TX.txt 06NOV2015
48  19     2782     2169     3395 13.5 10.5 16.5      828      636     1020 23.8 18.3 29.3      562      427      697 21.4 16.3 26.5  50107  45374  54840                                        Bandera County                                TX est14_TX.txt 06NOV2015
48  21    11069     8821    13317 14.7 11.7 17.7     4348     3363     5333 22.2 17.2 27.2     3124     2408     3840 21.0 16.2 25.8  52886  48422  57350                                        Bastrop County                                TX est14_TX.txt 06NOV2015
48  23      643      496      790 18.3 14.1 22.5      221      168      274 29.3 22.3 36.3      151      114      188 27.6 20.8 34.4  36027  32210  39844                                        Baylor County                                 TX est14_TX.txt 06NOV2015
48  25     6261     4946     7576 24.9 19.7 30.1     2026     1595     2457 29.7 23.4 36.0     1417     1110     1724 28.9 22.6 35.2  40680  36941  44419                                        Bee County                                    TX est14_TX.txt 06NOV2015
48  27    45622    40059    51185 14.2 12.5 15.9    18901    15814    21988 21.0 17.6 24.4    13298    10943    15653 21.6 17.8 25.4  51048  49849  52247                                        Bell County                                   TX est14_TX.txt 06NOV2015
48  29   331898   316745   347051 18.3 17.5 19.1   126381   118301   134461 26.4 24.7 28.1    88086    82008    94164 25.5 23.7 27.3  50699  49819  51579                                        Bexar County                                  TX est14_TX.txt 06NOV2015
48  31     1283      994     1572 12.0  9.3 14.7      419      320      518 20.4 15.6 25.2      299      226      372 18.6 14.1 23.1  57177  51282  63072                                        Blanco County                                 TX est14_TX.txt 06NOV2015
48  33       67       51       83 10.3  7.9 12.7       20       15       25 14.2 10.8 17.6       15       11       19 14.2 10.7 17.7  61750  55218  68282                                        Borden County                                 TX est14_TX.txt 06NOV2015
48  35     2616     2062     3170 15.0 11.8 18.2      900      687     1113 23.5 17.9 29.1      630      480      780 21.9 16.7 27.1  44397  40146  48648                                        Bosque County                                 TX est14_TX.txt 06NOV2015
48  37    17526    14953    20099 20.1 17.1 23.1     6785     5685     7885 30.9 25.9 35.9     4530     3683     5377 28.4 23.1 33.7  41883  38042  45724                                        Bowie County                                  TX est14_TX.txt 06NOV2015
48  39    32543    27214    37872  9.9  8.3 11.5    11893     9488    14298 13.3 10.6 16.0     8125     6327     9923 12.4  9.7 15.1  73788  70909  76667                                        Brazoria County                               TX est14_TX.txt 06NOV2015
48  41    51540    47811    55269 26.4 24.5 28.3    10492     9024    11960 24.7 21.2 28.2     6919     5751     8087 23.5 19.5 27.5  41641  39200  44082                                        Brazos County                                 TX est14_TX.txt 06NOV2015
48  43     1262      950     1574 13.8 10.4 17.2      402      306      498 22.5 17.1 27.9      276      208      344 23.0 17.4 28.6  40179  35977  44381                                        Brewster County                               TX est14_TX.txt 06NOV2015
48  45      256      198      314 16.7 12.9 20.5       96       73      119 29.1 22.3 35.9       68       52       84 27.9 21.2 34.6  42139  37631  46647                                        Briscoe County                                TX est14_TX.txt 06NOV2015
48  47     2305     1805     2805 32.4 25.4 39.4      913      698     1128 45.5 34.8 56.2      635      480      790 47.1 35.6 58.6  27875  24955  30795                                        Brooks County                                 TX est14_TX.txt 06NOV2015
48  49     6285     5117     7453 17.5 14.2 20.8     2276     1802     2750 27.4 21.7 33.1     1533     1173     1893 24.9 19.0 30.8  41316  38014  44618                                        Brown County                                  TX est14_TX.txt 06NOV2015
48  51     2752     2144     3360 16.2 12.6 19.8      976      751     1201 25.4 19.5 31.3      646      486      806 22.8 17.2 28.4  48140  43983  52297                                        Burleson County                               TX est14_TX.txt 06NOV2015
48  53     6028     4787     7269 14.0 11.1 16.9     2298     1770     2826 23.9 18.4 29.4     1594     1219     1969 22.0 16.8 27.2  53203  48299  58107                                        Burnet County                                 TX est14_TX.txt 06NOV2015
48  55     6099     4807     7391 16.0 12.6 19.4     2210     1689     2731 23.7 18.1 29.3     1537     1156     1918 22.7 17.1 28.3  47227  43491  50963                                        Caldwell County                               TX est14_TX.txt 06NOV2015
48  57     3740     3006     4474 17.3 13.9 20.7     1383     1072     1694 25.5 19.8 31.2      969      743     1195 24.4 18.7 30.1  46705  42011  51399                                        Calhoun County                                TX est14_TX.txt 06NOV2015
48  59     2177     1782     2572 16.3 13.3 19.3      667      520      814 22.6 17.6 27.6      466      359      573 21.0 16.1 25.9  40796  36594  44998                                        Callahan County                               TX est14_TX.txt 06NOV2015
48  61   143568   134428   152708 34.5 32.3 36.7    61713    57110    66316 47.0 43.5 50.5    43293    39786    46800 45.7 42.0 49.4  32215  30787  33643                                        Cameron County                                TX est14_TX.txt 06NOV2015
48  63     2991     2493     3489 23.9 19.9 27.9     1153      949     1357 35.5 29.2 41.8      840      698      982 34.9 29.0 40.8  37801  34442  41160                                        Camp County                                   TX est14_TX.txt 06NOV2015
48  65      513      394      632  8.6  6.6 10.6      173      131      215 11.5  8.7 14.3      119       90      148 10.2  7.7 12.7  58425  52612  64238                                        Carson County                                 TX est14_TX.txt 06NOV2015
48  67     5707     4612     6802 19.1 15.4 22.8     2023     1640     2406 30.2 24.5 35.9     1457     1188     1726 29.6 24.1 35.1  39256  35700  42812                                        Cass County                                   TX est14_TX.txt 06NOV2015
48  69     1489     1158     1820 19.4 15.1 23.7      672      520      824 28.8 22.3 35.3      461      353      569 27.9 21.3 34.5  42966  39346  46586                                        Castro County                                 TX est14_TX.txt 06NOV2015
48  71     4036     3362     4710 10.7  8.9 12.5     1252      947     1557 11.9  9.0 14.8      883      663     1103 11.1  8.3 13.9  77281  69206  85356                                        Chambers County                               TX est14_TX.txt 06NOV2015
48  73     9635     7795    11475 20.1 16.3 23.9     3775     2997     4553 29.2 23.2 35.2     2778     2238     3318 29.5 23.8 35.2  38465  35685  41245                                        Cherokee County                               TX est14_TX.txt 06NOV2015
48  75     1235      939     1531 22.0 16.7 27.3      409      310      508 28.1 21.3 34.9      280      210      350 26.4 19.8 33.0  39025  35288  42762                                        Childress County                              TX est14_TX.txt 06NOV2015
48  77     1382     1137     1627 13.5 11.1 15.9      395      306      484 17.9 13.9 21.9      273      209      337 16.1 12.3 19.9  50993  45810  56176                                        Clay County                                   TX est14_TX.txt 06NOV2015
48  79      596      461      731 20.7 16.0 25.4      234      179      289 29.8 22.8 36.8      156      117      195 27.8 20.9 34.7  39870  35770  43970                                        Cochran County                                TX est14_TX.txt 06NOV2015
48  81      477      378      576 14.9 11.8 18.0      137      104      170 21.8 16.6 27.0       95       71      119 20.5 15.4 25.6  41593  37335  45851                                        Coke County                                   TX est14_TX.txt 06NOV2015
48  83     1884     1490     2278 22.6 17.9 27.3      644      505      783 35.6 27.9 43.3      428      329      527 32.4 24.9 39.9  37497  34767  40227                                        Coleman County                                TX est14_TX.txt 06NOV2015
48  85    62032    55629    68435  7.0  6.3  7.7    21526    18411    24641  9.0  7.7 10.3    15908    13650    18166  8.8  7.6 10.0  86634  83846  89422                                        Collin County                                 TX est14_TX.txt 06NOV2015
48  87      572      443      701 19.3 15.0 23.6      254      194      314 29.9 22.8 37.0      174      132      216 27.9 21.1 34.7  38655  34580  42730                                        Collingsworth County                          TX est14_TX.txt 06NOV2015
48  89     3258     2590     3926 16.0 12.7 19.3     1175      920     1430 25.1 19.7 30.5      823      641     1005 23.5 18.3 28.7  46484  42648  50320                                        Colorado County                               TX est14_TX.txt 06NOV2015
48  91    11248     9196    13300  9.2  7.5 10.9     3889     3023     4755 13.8 10.7 16.9     2665     2026     3304 12.6  9.6 15.6  64533  59304  69762                                        Comal County                                  TX est14_TX.txt 06NOV2015
48  93     2625     2089     3161 19.7 15.7 23.7      965      768     1162 31.5 25.1 37.9      674      534      814 29.9 23.7 36.1  38280  34999  41561                                        Comanche County                               TX est14_TX.txt 06NOV2015
48  95      640      480      800 26.5 19.9 33.1      137      104      170 26.6 20.2 33.0       98       74      122 26.1 19.7 32.5  40837  36739  44935                                        Concho County                                 TX est14_TX.txt 06NOV2015
48  97     5806     4708     6904 15.3 12.4 18.2     2067     1641     2493 22.8 18.1 27.5     1392     1088     1696 21.3 16.7 25.9  57378  52865  61891                                        Cooke County                                  TX est14_TX.txt 06NOV2015
48  99     9493     7739    11247 14.8 12.1 17.5     4016     3156     4876 21.6 17.0 26.2     2707     2084     3330 20.7 15.9 25.5  47018  43534  50502                                        Coryell County                                TX est14_TX.txt 06NOV2015
48 101      295      229      361 20.9 16.2 25.6       97       74      120 31.7 24.3 39.1       67       51       83 26.9 20.4 33.4  32722  29215  36229                                        Cottle County                                 TX est14_TX.txt 06NOV2015
48 103      459      354      564  9.5  7.3 11.7      170      129      211 11.6  8.8 14.4      117       88      146 11.1  8.3 13.9  61098  55286  66910                                        Crane County                                  TX est14_TX.txt 06NOV2015
48 105      513      398      628 13.7 10.6 16.8      188      143      233 19.4 14.8 24.0      128       97      159 18.7 14.1 23.3  49614  44310  54918                                        Crockett County                               TX est14_TX.txt 06NOV2015
48 107     1400     1105     1695 24.1 19.0 29.2      575      449      701 36.8 28.7 44.9      376      284      468 33.0 24.9 41.1  36627  33505  39749                                        Crosby County                                 TX est14_TX.txt 06NOV2015
48 109      556      436      676 24.7 19.4 30.0      210      161      259 37.2 28.5 45.9      145      110      180 36.8 28.0 45.6  33637  30075  37199                                        Culberson County                              TX est14_TX.txt 06NOV2015
48 111      877      675     1079 12.4  9.5 15.3      430      327      533 18.9 14.4 23.4      300      226      374 18.7 14.1 23.3  43523  39154  47892                                        Dallam County                                 TX est14_TX.txt 06NOV2015
48 113   480160   460149   500171 19.3 18.5 20.1   193884   183324   204444 29.0 27.4 30.6   132853   125267   140439 27.9 26.3 29.5  50118  49169  51067                                        Dallas County                                 TX est14_TX.txt 06NOV2015
48 115     2357     1827     2887 20.2 15.7 24.7      864      654     1074 26.2 19.8 32.6      613      463      763 26.1 19.7 32.5  41876  37847  45905                                        Dawson County                                 TX est14_TX.txt 06NOV2015
48 117     3631     2861     4401 19.2 15.1 23.3     1682     1298     2066 27.9 21.5 34.3     1151      875     1427 26.8 20.4 33.2  41499  37568  45430                                        Deaf Smith County                             TX est14_TX.txt 06NOV2015
48 119     1029      817     1241 20.0 15.9 24.1      333      257      409 29.3 22.6 36.0      224      170      278 26.3 20.0 32.6  38304  34365  42243                                        Delta County                                  TX est14_TX.txt 06NOV2015
48 121    64947    58468    71426  8.7  7.8  9.6    19102    15808    22396  9.8  8.1 11.5    12031     9598    14464  8.3  6.6 10.0  74569  72091  77047                                        Denton County                                 TX est14_TX.txt 06NOV2015
48 123     3391     2639     4143 18.0 14.0 22.0     1172      898     1446 26.1 20.0 32.2      817      624     1010 25.7 19.6 31.8  45717  41060  50374                                        DeWitt County                                 TX est14_TX.txt 06NOV2015
48 125      418      318      518 22.1 16.8 27.4      123       94      152 29.9 22.8 37.0       83       62      104 30.1 22.7 37.5  35924  32303  39545                                        Dickens County                                TX est14_TX.txt 06NOV2015
48 127     2739     2118     3360 25.0 19.3 30.7     1167      889     1445 35.1 26.7 43.5      798      601      995 33.0 24.9 41.1  36856  32981  40731                                        Dimmit County                                 TX est14_TX.txt 06NOV2015
48 129      629      481      777 19.4 14.8 24.0      211      160      262 30.7 23.4 38.0      147      111      183 30.2 22.8 37.6  37263  33564  40962                                        Donley County                                 TX est14_TX.txt 06NOV2015
48 131     2841     2265     3417 26.0 20.7 31.3      996      767     1225 33.9 26.1 41.7      696      531      861 33.0 25.1 40.9  35069  31376  38762                                        Duval County                                  TX est14_TX.txt 06NOV2015
48 133     3441     2783     4099 19.9 16.1 23.7     1075      822     1328 28.2 21.6 34.8      760      578      942 27.2 20.7 33.7  36591  33390  39792                                        Eastland County                               TX est14_TX.txt 06NOV2015
48 135    19461    15335    23587 12.8 10.1 15.5     8460     6508    10412 18.6 14.3 22.9     5654     4280     7028 17.9 13.5 22.3  55555  51385  59725                                        Ector County                                  TX est14_TX.txt 06NOV2015
48 137      422      324      520 22.5 17.3 27.7      141      107      175 37.4 28.3 46.5      100       75      125 36.8 27.6 46.0  35554  31747  39361                                        Edwards County                                TX est14_TX.txt 06NOV2015
48 139    17299    14321    20277 11.0  9.1 12.9     7087     5664     8510 16.7 13.3 20.1     5187     4174     6200 16.1 12.9 19.3  61157  56768  65546                                        Ellis County                                  TX est14_TX.txt 06NOV2015
48 141   190846   177344   204348 23.4 21.7 25.1    74090    67123    81057 31.7 28.7 34.7    52992    48035    57949 32.0 29.0 35.0  40081  38850  41312                                        El Paso County                                TX est14_TX.txt 06NOV2015
48 143     8049     6867     9231 21.8 18.6 25.0     1928     1513     2343 23.5 18.4 28.6     1332     1034     1630 23.1 17.9 28.3  41914  37738  46090                                        Erath County                                  TX est14_TX.txt 06NOV2015
48 145     3589     2820     4358 23.7 18.6 28.8     1123      869     1377 31.4 24.3 38.5      782      600      964 31.1 23.9 38.3  35491  32432  38550                                        Falls County                                  TX est14_TX.txt 06NOV2015
48 147     5267     4261     6273 17.1 13.8 20.4     1584     1227     1941 22.7 17.6 27.8     1056      795     1317 20.3 15.3 25.3  43211  39657  46765                                        Fannin County                                 TX est14_TX.txt 06NOV2015
48 149     2663     2039     3287 10.9  8.3 13.5      901      681     1121 17.5 13.2 21.8      635      476      794 16.3 12.2 20.4  49830  45448  54212                                        Fayette County                                TX est14_TX.txt 06NOV2015
48 151      589      459      719 15.4 12.0 18.8      178      135      221 22.6 17.2 28.0      120       90      150 19.7 14.7 24.7  44519  40045  48993                                        Fisher County                                 TX est14_TX.txt 06NOV2015
48 153     1400     1115     1685 23.7 18.9 28.5      595      468      722 37.1 29.2 45.0      416      326      506 36.3 28.5 44.1  36898  33033  40763                                        Floyd County                                  TX est14_TX.txt 06NOV2015
48 155      215      165      265 17.3 13.3 21.3       68       52       84 25.1 19.1 31.1       48       36       60 22.9 17.3 28.5  33442  29968  36916                                        Foard County                                  TX est14_TX.txt 06NOV2015
48 157    59839    52567    67111  8.8  7.7  9.9    23528    20293    26763 12.4 10.7 14.1    15674    13093    18255 10.9  9.1 12.7  88516  83793  93239                                        Fort Bend County                              TX est14_TX.txt 06NOV2015
48 159     1723     1331     2115 16.4 12.7 20.1      671      506      836 26.4 19.9 32.9      462      345      579 24.0 17.9 30.1  42099  37733  46465                                        Franklin County                               TX est14_TX.txt 06NOV2015
48 161     3029     2474     3584 16.7 13.6 19.8     1023      819     1227 22.8 18.3 27.3      732      582      882 22.0 17.5 26.5  46526  41887  51165                                        Freestone County                              TX est14_TX.txt 06NOV2015
48 163     3940     2995     4885 26.0 19.8 32.2     1437     1091     1783 32.2 24.4 40.0      981      739     1223 31.0 23.3 38.7  34206  31421  36991                                        Frio County                                   TX est14_TX.txt 06NOV2015
48 165     2710     2092     3328 14.0 10.8 17.2     1294      979     1609 19.1 14.5 23.7      900      675     1125 18.5 13.9 23.1  50709  45643  55775                                        Gaines County                                 TX est14_TX.txt 06NOV2015
48 167    44194    38748    49640 14.3 12.5 16.1    15203    12729    17677 19.9 16.7 23.1    10843     8927    12759 19.3 15.9 22.7  58333  54518  62148                                        Galveston County                              TX est14_TX.txt 06NOV2015
48 169     1205      924     1486 28.0 21.5 34.5      323      248      398 29.2 22.4 36.0      218      165      271 26.7 20.2 33.2  49947  45073  54821                                        Garza County                                  TX est14_TX.txt 06NOV2015
48 171     3137     2540     3734 12.5 10.1 14.9      995      782     1208 20.3 15.9 24.7      667      507      827 18.4 14.0 22.8  52814  47196  58432                                        Gillespie County                              TX est14_TX.txt 06NOV2015
48 173      111       85      137  8.6  6.6 10.6       40       30       50 12.0  9.0 15.0       28       21       35 11.1  8.3 13.9  73335  65432  81238                                        Glasscock County                              TX est14_TX.txt 06NOV2015
48 175     1135      888     1382 15.3 12.0 18.6      388      302      474 24.1 18.7 29.5      269      208      330 21.6 16.7 26.5  49369  44116  54622                                        Goliad County                                 TX est14_TX.txt 06NOV2015
48 177     3684     2907     4461 18.3 14.4 22.2     1525     1182     1868 28.5 22.1 34.9     1069      822     1316 27.5 21.2 33.8  42291  38532  46050                                        Gonzales County                               TX est14_TX.txt 06NOV2015
48 179     3028     2383     3673 14.2 11.2 17.2     1079      838     1320 18.3 14.2 22.4      738      567      909 17.6 13.5 21.7  49012  44457  53567                                        Gray County                                   TX est14_TX.txt 06NOV2015
48 181    18475    15743    21207 15.3 13.0 17.6     6494     5352     7636 22.4 18.5 26.3     4669     3829     5509 21.9 18.0 25.8  49261  45865  52657                                        Grayson County                                TX est14_TX.txt 06NOV2015
48 183    21713    18957    24469 18.2 15.9 20.5     8289     7055     9523 26.5 22.6 30.4     5445     4488     6402 24.8 20.4 29.2  50020  47218  52822                                        Gregg County                                  TX est14_TX.txt 06NOV2015
48 185     4490     3580     5400 18.6 14.8 22.4     1452     1131     1773 24.6 19.2 30.0     1017      787     1247 23.2 18.0 28.4  44795  40212  49378                                        Grimes County                                 TX est14_TX.txt 06NOV2015
48 187    15074    12465    17683 10.4  8.6 12.2     5595     4397     6793 14.7 11.6 17.8     4108     3220     4996 14.3 11.2 17.4  61825  58523  65127                                        Guadalupe County                              TX est14_TX.txt 06NOV2015
48 189     7604     6441     8767 24.0 20.3 27.7     3090     2548     3632 32.5 26.8 38.2     2047     1626     2468 30.4 24.1 36.7  40213  37366  43060                                        Hale County                                   TX est14_TX.txt 06NOV2015
48 191      759      589      929 24.5 19.0 30.0      283      215      351 38.6 29.3 47.9      195      146      244 34.5 25.9 43.1  33324  30090  36558                                        Hall County                                   TX est14_TX.txt 06NOV2015
48 193     1298     1016     1580 16.2 12.7 19.7      440      334      546 26.2 19.9 32.5      310      233      387 24.7 18.6 30.8  41207  36973  45441                                        Hamilton County                               TX est14_TX.txt 06NOV2015
48 195      688      533      843 12.7  9.8 15.6      285      217      353 18.0 13.7 22.3      194      146      242 16.1 12.1 20.1  50698  45339  56057                                        Hansford County                               TX est14_TX.txt 06NOV2015
48 197      731      568      894 18.7 14.5 22.9      267      205      329 29.4 22.5 36.3      190      145      235 28.8 22.0 35.6  36992  33109  40875                                        Hardeman County                               TX est14_TX.txt 06NOV2015
48 199     7106     5749     8463 12.9 10.4 15.4     2365     1848     2882 17.3 13.5 21.1     1670     1298     2042 16.6 12.9 20.3  53872  49111  58633                                        Hardin County                                 TX est14_TX.txt 06NOV2015
48 201   759184   731530   786838 17.3 16.7 17.9   299274   285033   313515 25.1 23.9 26.3   207013   196266   217760 24.4 23.1 25.7  54230  53235  55225                                        Harris County                                 TX est14_TX.txt 06NOV2015
48 203    11071     9065    13077 17.1 14.0 20.2     3740     2940     4540 22.7 17.8 27.6     2666     2067     3265 22.1 17.1 27.1  48461  44088  52834                                        Harrison County                               TX est14_TX.txt 06NOV2015
48 205      487      372      602 10.5  8.0 13.0      135      102      168 10.5  8.0 13.0       95       71      119  9.9  7.4 12.4  64182  60053  68311                                        Hartley County                                TX est14_TX.txt 06NOV2015
48 207     1310     1043     1577 25.1 20.0 30.2      397      304      490 34.9 26.8 43.0      283      216      350 33.7 25.7 41.7  35607  31929  39285                                        Haskell County                                TX est14_TX.txt 06NOV2015
48 209    30932    27847    34017 17.5 15.8 19.2     7462     6217     8707 17.4 14.5 20.3     5328     4450     6206 16.8 14.0 19.6  59569  56504  62634                                        Hays County                                   TX est14_TX.txt 06NOV2015
48 211      369      288      450  8.9  6.9 10.9      166      127      205 12.7  9.7 15.7      115       88      142 12.1  9.2 15.0  66505  59259  73751                                        Hemphill County                               TX est14_TX.txt 06NOV2015
48 213    15699    13255    18143 20.2 17.1 23.3     5368     4386     6350 31.1 25.4 36.8     3856     3153     4559 30.0 24.5 35.5  40921  38981  42861                                        Henderson County                              TX est14_TX.txt 06NOV2015
48 215   275840   261243   290437 33.5 31.7 35.3   125912   118513   133311 45.5 42.8 48.2    87020    81758    92282 44.3 41.6 47.0  34368  32672  36064                                        Hidalgo County                                TX est14_TX.txt 06NOV2015
48 217     7413     6368     8458 21.8 18.7 24.9     2639     2192     3086 32.2 26.7 37.7     1776     1440     2112 29.2 23.7 34.7  41521  38186  44856                                        Hill County                                   TX est14_TX.txt 06NOV2015
48 219     3280     2562     3998 14.4 11.2 17.6     1309      992     1626 21.0 15.9 26.1      945      718     1172 21.0 16.0 26.0  50124  47035  53213                                        Hockley County                                TX est14_TX.txt 06NOV2015
48 221     6562     5332     7792 12.4 10.1 14.7     2229     1749     2709 20.4 16.0 24.8     1549     1192     1906 19.1 14.7 23.5  55472  50193  60751                                        Hood County                                   TX est14_TX.txt 06NOV2015
48 223     7205     6186     8224 20.3 17.4 23.2     2941     2532     3350 32.8 28.2 37.4     2096     1790     2402 32.0 27.3 36.7  44076  40566  47586                                        Hopkins County                                TX est14_TX.txt 06NOV2015
48 225     5176     4219     6133 25.9 21.1 30.7     1663     1341     1985 37.4 30.2 44.6     1103      864     1342 33.7 26.4 41.0  33698  30510  36886                                        Houston County                                TX est14_TX.txt 06NOV2015
48 227     5320     4193     6447 17.5 13.8 21.2     1778     1380     2176 22.7 17.6 27.8     1243      964     1522 22.1 17.1 27.1  47299  43657  50941                                        Howard County                                 TX est14_TX.txt 06NOV2015
48 229      834      638     1030 26.7 20.4 33.0      303      227      379 38.8 29.1 48.5      216      160      272 37.6 27.9 47.3  32086  28650  35522                                        Hudspeth County                               TX est14_TX.txt 06NOV2015
48 231    17603    15672    19534 20.5 18.3 22.7     6278     5452     7104 30.2 26.2 34.2     4216     3569     4863 27.5 23.3 31.7  43385  40236  46534                                        Hunt County                                   TX est14_TX.txt 06NOV2015
48 233     2994     2467     3521 13.9 11.4 16.4     1029      805     1253 18.3 14.3 22.3      679      521      837 16.8 12.9 20.7  51508  46678  56338                                        Hutchinson County                             TX est14_TX.txt 06NOV2015
48 235      135      104      166  8.6  6.6 10.6       47       36       58 13.5 10.2 16.8       33       25       41 13.4 10.1 16.7  63054  56311  69797                                        Irion County                                  TX est14_TX.txt 06NOV2015
48 237     1151      880     1422 14.9 11.4 18.4      362      276      448 19.1 14.6 23.6      243      184      302 17.8 13.5 22.1  52030  47199  56861                                        Jack County                                   TX est14_TX.txt 06NOV2015
48 239     2121     1683     2559 14.7 11.7 17.7      750      579      921 19.9 15.4 24.4      508      387      629 18.5 14.1 22.9  52185  48056  56314                                        Jackson County                                TX est14_TX.txt 06NOV2015
48 241     6117     4719     7515 17.7 13.6 21.8     2346     1802     2890 27.6 21.2 34.0     1605     1211     1999 26.0 19.6 32.4  41017  36677  45357                                        Jasper County                                 TX est14_TX.txt 06NOV2015
48 243      277      213      341 13.1 10.1 16.1       54       40       68 29.2 21.8 36.6       39       29       49 27.1 19.9 34.3  46364  41375  51353                                        Jeff Davis County                             TX est14_TX.txt 06NOV2015
48 245    50051    45556    54546 21.2 19.3 23.1    19058    16902    21214 32.3 28.6 36.0    12543    10763    14323 30.1 25.8 34.4  41147  39396  42898                                        Jefferson County                              TX est14_TX.txt 06NOV2015
48 247     1177      899     1455 22.5 17.2 27.8      519      396      642 32.9 25.1 40.7      356      269      443 32.2 24.3 40.1  36929  33141  40717                                        Jim Hogg County                               TX est14_TX.txt 06NOV2015
48 249     8249     6597     9901 20.2 16.2 24.2     3287     2511     4063 28.5 21.8 35.2     2300     1739     2861 28.0 21.2 34.8  46200  42579  49821                                        Jim Wells County                              TX est14_TX.txt 06NOV2015
48 251    20492    17498    23486 13.3 11.4 15.2     7789     6340     9238 19.0 15.5 22.5     5585     4531     6639 18.2 14.8 21.6  55926  51877  59975                                        Johnson County                                TX est14_TX.txt 06NOV2015
48 253     3430     2618     4242 23.4 17.9 28.9      957      730     1184 27.4 20.9 33.9      685      521      849 26.9 20.4 33.4  41079  37192  44966                                        Jones County                                  TX est14_TX.txt 06NOV2015
48 255     2735     2201     3269 22.3 17.9 26.7      942      767     1117 30.0 24.4 35.6      647      522      772 28.4 22.9 33.9  43986  39383  48589                                        Karnes County                                 TX est14_TX.txt 06NOV2015
48 257    15114    12853    17375 13.8 11.7 15.9     5832     4764     6900 19.2 15.7 22.7     4036     3256     4816 17.8 14.4 21.2  57585  53132  62038                                        Kaufman County                                TX est14_TX.txt 06NOV2015
48 259     3188     2472     3904  8.3  6.4 10.2     1112      854     1370 12.4  9.5 15.3      769      585      953 10.9  8.3 13.5  77764  70376  85152                                        Kendall County                                TX est14_TX.txt 06NOV2015
48 261       71       54       88 17.9 13.7 22.1       30       23       37 30.3 23.1 37.5       21       16       26 29.2 22.1 36.3  38451  34235  42667                                        Kenedy County                                 TX est14_TX.txt 06NOV2015
48 263       92       71      113 12.4  9.5 15.3       31       24       38 20.1 15.3 24.9       22       17       27 17.1 12.9 21.3  43026  39111  46941                                        Kent County                                   TX est14_TX.txt 06NOV2015
48 265     8570     7215     9925 17.6 14.8 20.4     2746     2212     3280 28.7 23.1 34.3     1894     1492     2296 27.1 21.3 32.9  44113  40046  48180                                        Kerr County                                   TX est14_TX.txt 06NOV2015
48 267      814      626     1002 18.5 14.2 22.8      284      215      353 34.0 25.8 42.2      203      153      253 32.9 24.7 41.1  38750  34794  42706                                        Kimble County                                 TX est14_TX.txt 06NOV2015
48 269       28       21       35 10.7  8.1 13.3        9        7       11 16.7 12.6 20.8        6        4        8 17.6 12.9 22.3  64203  58525  69881                                        King County                                   TX est14_TX.txt 06NOV2015
48 271      671      521      821 21.0 16.3 25.7      167      127      207 24.9 19.0 30.8      116       88      144 22.7 17.2 28.2  39335  35178  43492                                        Kinney County                                 TX est14_TX.txt 06NOV2015
48 273     6875     5449     8301 22.8 18.1 27.5     2227     1683     2771 28.5 21.5 35.5     1475     1091     1859 27.4 20.3 34.5  40884  36564  45204                                        Kleberg County                                TX est14_TX.txt 06NOV2015
48 275      800      621      979 21.3 16.5 26.1      334      258      410 33.4 25.8 41.0      222      168      276 31.1 23.5 38.7  36929  33248  40610                                        Knox County                                   TX est14_TX.txt 06NOV2015
48 277     9086     7510    10662 18.6 15.4 21.8     3334     2680     3988 28.8 23.1 34.5     2257     1770     2744 27.0 21.2 32.8  41009  38004  44014                                        Lamar County                                  TX est14_TX.txt 06NOV2015
48 279     3019     2510     3528 22.6 18.8 26.4     1209      961     1457 31.8 25.3 38.3      796      617      975 29.8 23.1 36.5  37111  33800  40422                                        Lamb County                                   TX est14_TX.txt 06NOV2015
48 281     2858     2227     3489 14.4 11.2 17.6     1117      857     1377 24.1 18.5 29.7      775      592      958 22.6 17.3 27.9  50699  45895  55503                                        Lampasas County                               TX est14_TX.txt 06NOV2015
48 283     1638     1233     2043 28.1 21.2 35.0      538      409      667 35.7 27.2 44.2      376      283      469 37.6 28.3 46.9  38012  34106  41918                                        La Salle County                               TX est14_TX.txt 06NOV2015
48 285     2668     2146     3190 13.8 11.1 16.5      914      710     1118 19.9 15.5 24.3      622      470      774 18.2 13.8 22.6  47041  43225  50857                                        Lavaca County                                 TX est14_TX.txt 06NOV2015
48 287     2113     1669     2557 13.0 10.3 15.7      667      508      826 18.7 14.2 23.2      458      346      570 17.6 13.3 21.9  52895  47859  57931                                        Lee County                                    TX est14_TX.txt 06NOV2015
48 289     2251     1728     2774 13.5 10.4 16.6      787      602      972 21.1 16.1 26.1      549      414      684 21.1 15.9 26.3  45159  40554  49764                                        Leon County                                   TX est14_TX.txt 06NOV2015
48 291    12663    10224    15102 17.4 14.1 20.7     4506     3509     5503 23.4 18.2 28.6     3155     2448     3862 22.6 17.5 27.7  47123  43300  50946                                        Liberty County                                TX est14_TX.txt 06NOV2015
48 293     4298     3446     5150 19.6 15.7 23.5     1520     1193     1847 28.5 22.4 34.6     1061      819     1303 27.6 21.3 33.9  37256  33752  40760                                        Limestone County                              TX est14_TX.txt 06NOV2015
48 295      371      288      454 10.6  8.2 13.0      124       95      153 13.2 10.1 16.3       87       66      108 12.2  9.3 15.1  60810  55125  66495                                        Lipscomb County                               TX est14_TX.txt 06NOV2015
48 297     1697     1312     2082 15.5 12.0 19.0      496      379      613 20.7 15.8 25.6      340      256      424 19.0 14.3 23.7  51481  46368  56594                                        Live Oak County                               TX est14_TX.txt 06NOV2015
48 299     2868     2237     3499 14.9 11.6 18.2      865      661     1069 29.1 22.2 36.0      618      469      767 28.8 21.8 35.8  45096  40729  49463                                        Llano County                                  TX est14_TX.txt 06NOV2015
48 301        8        6       10  9.3  7.1 11.5        5        3        7 19.2 13.2 25.2        3        2        4 16.7 10.7 22.7  55819  49598  62040                                        Loving County                                 TX est14_TX.txt 06NOV2015
48 303    49964    44303    55625 17.7 15.7 19.7    14943    11856    18030 21.3 16.9 25.7    10531     8119    12943 21.0 16.2 25.8  45719  43869  47569                                        Lubbock County                                TX est14_TX.txt 06NOV2015
48 305     1044      806     1282 18.3 14.1 22.5      440      338      542 28.2 21.6 34.8      305      232      378 26.4 20.1 32.7  41589  37388  45790                                        Lynn County                                   TX est14_TX.txt 06NOV2015
48 307     1520     1171     1869 18.9 14.6 23.2      562      427      697 30.2 22.9 37.5      375      280      470 27.6 20.6 34.6  39649  35928  43370                                        McCulloch County                              TX est14_TX.txt 06NOV2015
48 309    46019    40768    51270 19.7 17.5 21.9    16413    13769    19057 27.8 23.3 32.3    11151     9247    13055 26.7 22.1 31.3  43488  41070  45906                                        McLennan County                               TX est14_TX.txt 06NOV2015
48 311       73       56       90  9.2  7.0 11.4       21       16       26 13.5 10.2 16.8       14       10       18 11.2  8.3 14.1  61571  55080  68062                                        McMullen County                               TX est14_TX.txt 06NOV2015
48 313     2429     1917     2941 21.5 17.0 26.0      833      650     1016 28.3 22.1 34.5      575      443      707 26.5 20.4 32.6  39030  34934  43126                                        Madison County                                TX est14_TX.txt 06NOV2015
48 315     2307     1817     2797 23.1 18.2 28.0      658      509      807 35.6 27.5 43.7      471      364      578 34.1 26.4 41.8  34452  31020  37884                                        Marion County                                 TX est14_TX.txt 06NOV2015
48 317      674      522      826 12.5  9.7 15.3      272      207      337 16.5 12.5 20.5      183      138      228 15.9 12.0 19.8  61896  56382  67410                                        Martin County                                 TX est14_TX.txt 06NOV2015
48 319      603      467      739 14.8 11.5 18.1      204      155      253 25.1 19.1 31.1      145      109      181 22.4 16.9 27.9  42820  38282  47358                                        Mason County                                  TX est14_TX.txt 06NOV2015
48 321     7950     6752     9148 22.1 18.8 25.4     2772     2251     3293 30.1 24.4 35.8     1968     1596     2340 29.7 24.1 35.3  41587  37349  45825                                        Matagorda County                              TX est14_TX.txt 06NOV2015
48 323    14808    12204    17412 26.5 21.8 31.2     6418     5099     7737 35.5 28.2 42.8     4628     3678     5578 35.7 28.4 43.0  32248  29486  35010                                        Maverick County                               TX est14_TX.txt 06NOV2015
48 325     6510     5000     8020 14.3 11.0 17.6     2477     1870     3084 21.9 16.5 27.3     1711     1283     2139 19.8 14.9 24.7  53440  49040  57840                                        Medina County                                 TX est14_TX.txt 06NOV2015
48 327      478      368      588 22.7 17.5 27.9      150      114      186 39.8 30.2 49.4      108       81      135 39.4 29.6 49.2  32580  29163  35997                                        Menard County                                 TX est14_TX.txt 06NOV2015
48 329    15319    11999    18639  9.9  7.7 12.1     5997     4517     7477 14.1 10.6 17.6     4145     3091     5199 14.0 10.4 17.6  74811  69138  80484                                        Midland County                                TX est14_TX.txt 06NOV2015
48 331     4361     3430     5292 18.3 14.4 22.2     1672     1298     2046 28.6 22.2 35.0     1150      878     1422 26.6 20.3 32.9  41849  37900  45798                                        Milam County                                  TX est14_TX.txt 06NOV2015
48 333      802      619      985 17.1 13.2 21.0      260      198      322 25.6 19.5 31.7      175      132      218 23.0 17.4 28.6  38564  34661  42467                                        Mills County                                  TX est14_TX.txt 06NOV2015
48 335     1451     1100     1802 20.7 15.7 25.7      453      343      563 25.2 19.1 31.3      314      235      393 24.0 18.0 30.0  41363  37040  45686                                        Mitchell County                               TX est14_TX.txt 06NOV2015
48 337     2836     2249     3423 14.8 11.7 17.9      960      731     1189 21.8 16.6 27.0      656      495      817 20.2 15.2 25.2  48996  44903  53089                                        Montague County                               TX est14_TX.txt 06NOV2015
48 339    55864    47634    64094 10.9  9.3 12.5    21327    17502    25152 15.5 12.7 18.3    14868    12067    17669 14.6 11.9 17.3  70929  67702  74156                                        Montgomery County                             TX est14_TX.txt 06NOV2015
48 341     3208     2571     3845 14.6 11.7 17.5     1403     1100     1706 20.4 16.0 24.8      971      755     1187 20.4 15.9 24.9  42839  38819  46859                                        Moore County                                  TX est14_TX.txt 06NOV2015
48 343     2345     1783     2907 18.6 14.1 23.1      862      650     1074 29.9 22.5 37.3      607      454      760 29.2 21.9 36.5  37954  34171  41737                                        Morris County                                 TX est14_TX.txt 06NOV2015
48 345      201      153      249 17.5 13.3 21.7       70       53       87 31.0 23.4 38.6       50       37       63 27.6 20.6 34.6  37936  33884  41988                                        Motley County                                 TX est14_TX.txt 06NOV2015
48 347    13685    11424    15946 22.7 18.9 26.5     4349     3467     5231 28.7 22.9 34.5     3114     2461     3767 29.8 23.5 36.1  38895  36714  41076                                        Nacogdoches County                            TX est14_TX.txt 06NOV2015
48 349     9567     7913    11221 20.3 16.8 23.8     3926     3216     4636 31.8 26.0 37.6     2577     2050     3104 29.2 23.2 35.2  43091  39867  46315                                        Navarro County                                TX est14_TX.txt 06NOV2015
48 351     2703     2044     3362 20.2 15.3 25.1      905      690     1120 29.9 22.8 37.0      615      464      766 27.4 20.7 34.1  39135  34973  43297                                        Newton County                                 TX est14_TX.txt 06NOV2015
48 353     2632     2007     3257 17.9 13.6 22.2     1141      865     1417 29.5 22.4 36.6      788      592      984 27.4 20.6 34.2  38742  34819  42665                                        Nolan County                                  TX est14_TX.txt 06NOV2015
48 355    58798    50826    66770 16.8 14.5 19.1    20464    16586    24342 23.1 18.7 27.5    13705    10768    16642 21.2 16.6 25.8  51222  49551  52893                                        Nueces County                                 TX est14_TX.txt 06NOV2015
48 357     1145      909     1381 10.7  8.5 12.9      490      375      605 14.6 11.2 18.0      329      248      410 13.8 10.4 17.2  61773  55648  67898                                        Ochiltree County                              TX est14_TX.txt 06NOV2015
48 359      284      226      342 15.6 12.4 18.8      115       89      141 32.9 25.5 40.3       70       54       86 26.5 20.6 32.4  54458  48632  60284                                        Oldham County                                 TX est14_TX.txt 06NOV2015
48 361    13175    10887    15463 16.0 13.2 18.8     4477     3510     5444 22.1 17.3 26.9     2973     2305     3641 20.3 15.7 24.9  48834  44640  53028                                        Orange County                                 TX est14_TX.txt 06NOV2015
48 363     5146     4171     6121 18.6 15.1 22.1     1741     1348     2134 26.0 20.1 31.9     1227      943     1511 25.4 19.5 31.3  40862  37257  44467                                        Palo Pinto County                             TX est14_TX.txt 06NOV2015
48 365     3626     2963     4289 15.5 12.7 18.3     1226      973     1479 21.5 17.1 25.9      827      635     1019 19.8 15.2 24.4  48822  45464  52180                                        Panola County                                 TX est14_TX.txt 06NOV2015
48 367    11997     9942    14052  9.9  8.2 11.6     4380     3500     5260 14.8 11.8 17.8     3085     2450     3720 13.6 10.8 16.4  67655  63185  72125                                        Parker County                                 TX est14_TX.txt 06NOV2015
48 369     1433     1124     1742 14.6 11.5 17.7      586      452      720 20.4 15.7 25.1      408      310      506 19.9 15.1 24.7  41813  38702  44924                                        Parmer County                                 TX est14_TX.txt 06NOV2015
48 371     2448     1868     3028 17.8 13.6 22.0      836      627     1045 21.6 16.2 27.0      578      430      726 21.8 16.2 27.4  44817  40507  49127                                        Pecos County                                  TX est14_TX.txt 06NOV2015
48 373     7687     6207     9167 18.5 14.9 22.1     2838     2227     3449 30.5 23.9 37.1     1993     1543     2443 29.6 22.9 36.3  41401  37864  44938                                        Polk County                                   TX est14_TX.txt 06NOV2015
48 375    24669    21321    28017 21.5 18.6 24.4     9982     8265    11699 30.2 25.0 35.4     6837     5608     8066 29.8 24.4 35.2  38224  35748  40700                                        Potter County                                 TX est14_TX.txt 06NOV2015
48 377     1520     1158     1882 21.8 16.6 27.0      613      456      770 33.9 25.2 42.6      447      328      566 34.1 25.0 43.2  34258  30900  37616                                        Presidio County                               TX est14_TX.txt 06NOV2015
48 379     1633     1234     2032 14.9 11.3 18.5      577      435      719 26.2 19.7 32.7      410      307      513 24.8 18.6 31.0  47834  44651  51017                                        Rains County                                  TX est14_TX.txt 06NOV2015
48 381    12181    10112    14250  9.7  8.1 11.3     3896     3083     4709 12.7 10.0 15.4     2723     2140     3306 12.2  9.6 14.8  64636  61330  67942                                        Randall County                                TX est14_TX.txt 06NOV2015
48 383      417      341      493 11.2  9.2 13.2      147      114      180 13.0 10.1 15.9      105       81      129 12.8  9.8 15.8  62376  55648  69104                                        Reagan County                                 TX est14_TX.txt 06NOV2015
48 385      615      473      757 18.7 14.4 23.0      192      145      239 33.6 25.4 41.8      139      104      174 36.8 27.6 46.0  37294  34059  40529                                        Real County                                   TX est14_TX.txt 06NOV2015
48 387     2465     1980     2950 20.1 16.1 24.1      760      580      940 30.6 23.4 37.8      535      405      665 29.2 22.1 36.3  34340  30844  37836                                        Red River County                              TX est14_TX.txt 06NOV2015
48 389     2785     2102     3468 24.8 18.7 30.9      879      664     1094 27.3 20.6 34.0      593      441      745 25.3 18.8 31.8  39006  35340  42672                                        Reeves County                                 TX est14_TX.txt 06NOV2015
48 391     1211      972     1450 16.9 13.6 20.2      435      347      523 26.0 20.7 31.3      295      230      360 24.0 18.7 29.3  43654  39074  48234                                        Refugio County                                TX est14_TX.txt 06NOV2015
48 393       67       51       83  7.3  5.6  9.0       23       17       29 10.3  7.8 12.8       17       13       21  9.2  7.0 11.4  69424  62752  76096                                        Roberts County                                TX est14_TX.txt 06NOV2015
48 395     3096     2403     3789 19.0 14.7 23.3     1170      890     1450 29.3 22.3 36.3      833      633     1033 28.9 22.0 35.8  43194  39324  47064                                        Robertson County                              TX est14_TX.txt 06NOV2015
48 397     5944     4908     6980  6.8  5.6  8.0     2161     1697     2625  8.9  7.0 10.8     1515     1171     1859  8.1  6.3  9.9  84692  78758  90626                                        Rockwall County                               TX est14_TX.txt 06NOV2015
48 399     1846     1432     2260 18.1 14.0 22.2      665      505      825 26.8 20.3 33.3      464      348      580 24.2 18.2 30.2  38607  34708  42506                                        Runnels County                                TX est14_TX.txt 06NOV2015
48 401     8053     6487     9619 16.6 13.4 19.8     2861     2280     3442 23.1 18.4 27.8     1906     1478     2334 21.6 16.8 26.4  46427  42931  49923                                        Rusk County                                   TX est14_TX.txt 06NOV2015
48 403     1951     1539     2363 19.0 15.0 23.0      578      444      712 30.3 23.3 37.3      404      306      502 27.6 20.9 34.3  35701  31988  39414                                        Sabine County                                 TX est14_TX.txt 06NOV2015
48 405     1995     1552     2438 23.9 18.6 29.2      650      500      800 37.7 29.0 46.4      455      347      563 37.5 28.6 46.4  32826  29351  36301                                        San Augustine County                          TX est14_TX.txt 06NOV2015
48 407     5009     3941     6077 18.6 14.6 22.6     1762     1356     2168 29.5 22.7 36.3     1220      917     1523 27.2 20.5 33.9  43087  38599  47575                                        San Jacinto County                            TX est14_TX.txt 06NOV2015
48 409    10452     8262    12642 15.8 12.5 19.1     4247     3302     5192 23.6 18.4 28.8     2918     2236     3600 22.0 16.8 27.2  51958  48698  55218                                        San Patricio County                           TX est14_TX.txt 06NOV2015
48 411     1058      829     1287 20.3 15.9 24.7      369      283      455 32.9 25.2 40.6      254      193      315 32.1 24.3 39.9  38000  34026  41974                                        San Saba County                               TX est14_TX.txt 06NOV2015
48 413      427      329      525 13.6 10.5 16.7      174      131      217 19.2 14.5 23.9      119       89      149 16.4 12.3 20.5  50361  45150  55572                                        Schleicher County                             TX est14_TX.txt 06NOV2015
48 415     2218     1706     2730 14.1 10.8 17.4      794      603      985 18.3 13.9 22.7      556      423      689 18.2 13.8 22.6  56444  50659  62229                                        Scurry County                                 TX est14_TX.txt 06NOV2015
48 417      434      334      534 13.1 10.1 16.1      149      113      185 19.3 14.7 23.9      104       78      130 18.1 13.7 22.5  55130  49626  60634                                        Shackelford County                            TX est14_TX.txt 06NOV2015
48 419     5546     4560     6532 22.0 18.1 25.9     2106     1709     2503 31.8 25.8 37.8     1513     1226     1800 31.5 25.5 37.5  35772  32673  38871                                        Shelby County                                 TX est14_TX.txt 06NOV2015
48 421      407      321      493 13.4 10.6 16.2      145      110      180 17.1 13.0 21.2       97       72      122 15.3 11.3 19.3  49309  44366  54252                                        Sherman County                                TX est14_TX.txt 06NOV2015
48 423    38908    34962    42854 18.1 16.3 19.9    13887    11920    15854 25.9 22.2 29.6     8753     7141    10365 22.7 18.5 26.9  45363  42404  48322                                        Smith County                                  TX est14_TX.txt 06NOV2015
48 425     1030      816     1244 12.1  9.6 14.6      399      317      481 19.9 15.8 24.0      265      203      327 17.3 13.2 21.4  51733  46871  56595                                        Somervell County                              TX est14_TX.txt 06NOV2015
48 427    21981    18748    25214 35.4 30.2 40.6     9194     7584    10804 44.4 36.6 52.2     6226     5016     7436 43.9 35.4 52.4  26699  24224  29174                                        Starr County                                  TX est14_TX.txt 06NOV2015
48 429     1807     1452     2162 20.8 16.7 24.9      671      544      798 32.3 26.2 38.4      452      361      543 29.0 23.1 34.9  44110  39745  48475                                        Stephens County                               TX est14_TX.txt 06NOV2015
48 431      154      119      189 11.8  9.1 14.5       65       50       80 18.3 14.0 22.6       46       35       57 16.3 12.4 20.2  59854  53412  66296                                        Sterling County                               TX est14_TX.txt 06NOV2015
48 433      212      163      261 15.5 11.9 19.1       67       51       83 21.7 16.5 26.9       46       35       57 19.7 14.8 24.6  42780  38211  47349                                        Stonewall County                              TX est14_TX.txt 06NOV2015
48 435      522      400      644 13.2 10.1 16.3      200      152      248 19.9 15.1 24.7      140      105      175 20.2 15.2 25.2  60435  54024  66846                                        Sutton County                                 TX est14_TX.txt 06NOV2015
48 437     1449     1140     1758 20.9 16.4 25.4      552      421      683 28.9 22.0 35.8      377      284      470 27.0 20.4 33.6  37527  33528  41526                                        Swisher County                                TX est14_TX.txt 06NOV2015
48 439   291534   276189   306879 15.2 14.4 16.0   113228   105197   121259 21.7 20.2 23.2    77536    71795    83277 20.4 18.9 21.9  58127  56818  59436                                        Tarrant County                                TX est14_TX.txt 06NOV2015
48 441    20789    17969    23609 15.9 13.7 18.1     7115     5715     8515 21.7 17.4 26.0     4825     3816     5834 21.1 16.7 25.5  45559  42955  48163                                        Taylor County                                 TX est14_TX.txt 06NOV2015
48 443      168      131      205 18.1 14.1 22.1       46       35       57 24.9 19.0 30.8       31       23       39 24.0 18.1 29.9  39503  35197  43809                                        Terrell County                                TX est14_TX.txt 06NOV2015
48 445     2469     1900     3038 21.2 16.3 26.1      989      747     1231 29.0 21.9 36.1      686      516      856 28.7 21.6 35.8  38752  34718  42786                                        Terry County                                  TX est14_TX.txt 06NOV2015
48 447      228      174      282 14.2 10.9 17.5       73       55       91 21.3 16.2 26.4       50       38       62 18.8 14.1 23.5  43618  39441  47795                                        Throckmorton County                           TX est14_TX.txt 06NOV2015
48 449     6564     5507     7621 20.6 17.3 23.9     2786     2251     3321 29.7 24.0 35.4     1887     1492     2282 27.8 22.0 33.6  40680  37335  44025                                        Titus County                                  TX est14_TX.txt 06NOV2015
48 451    17398    14262    20534 15.6 12.8 18.4     5769     4553     6985 21.3 16.8 25.8     4017     3129     4905 20.9 16.3 25.5  45261  41629  48893                                        Tom Green County                              TX est14_TX.txt 06NOV2015
48 453   188959   178903   199015 16.7 15.8 17.6    60561    56440    64682 23.1 21.5 24.7    39399    36173    42625 21.5 19.7 23.3  61779  60414  63144                                        Travis County                                 TX est14_TX.txt 06NOV2015
48 455     2800     2160     3440 19.9 15.3 24.5      862      658     1066 31.3 23.9 38.7      596      451      741 28.7 21.7 35.7  36645  33436  39854                                        Trinity County                                TX est14_TX.txt 06NOV2015
48 457     3737     2902     4572 19.3 15.0 23.6     1068      828     1308 26.3 20.4 32.2      746      575      917 25.4 19.6 31.2  40442  36300  44584                                        Tyler County                                  TX est14_TX.txt 06NOV2015
48 459     5816     4472     7160 14.6 11.2 18.0     2233     1701     2765 23.5 17.9 29.1     1543     1153     1933 22.1 16.5 27.7  46346  42361  50331                                        Upshur County                                 TX est14_TX.txt 06NOV2015
48 461      483      382      584 14.3 11.3 17.3      184      142      226 18.9 14.6 23.2      126       97      155 18.3 14.0 22.6  55918  49993  61843                                        Upton County                                  TX est14_TX.txt 06NOV2015
48 463     5859     4576     7142 22.1 17.3 26.9     2551     1946     3156 34.2 26.1 42.3     1780     1349     2211 32.9 24.9 40.9  37933  34151  41715                                        Uvalde County                                 TX est14_TX.txt 06NOV2015
48 465    10453     8495    12411 22.2 18.0 26.4     4375     3466     5284 31.4 24.9 37.9     2979     2302     3656 30.0 23.2 36.8  41437  37657  45217                                        Val Verde County                              TX est14_TX.txt 06NOV2015
48 467     8294     6723     9865 15.9 12.9 18.9     2788     2163     3413 22.9 17.8 28.0     1974     1511     2437 21.4 16.4 26.4  43377  40256  46498                                        Van Zandt County                              TX est14_TX.txt 06NOV2015
48 469    14135    12010    16260 15.8 13.4 18.2     5596     4598     6594 24.3 20.0 28.6     3749     3023     4475 22.8 18.4 27.2  51003  46984  55022                                        Victoria County                               TX est14_TX.txt 06NOV2015
48 471    13767    11820    15714 26.3 22.6 30.0     2946     2360     3532 27.9 22.3 33.5     2003     1582     2424 26.4 20.9 31.9  39984  36638  43330                                        Walker County                                 TX est14_TX.txt 06NOV2015
48 473     6874     5336     8412 16.1 12.5 19.7     2557     1958     3156 23.0 17.6 28.4     1808     1374     2242 22.1 16.8 27.4  50589  46139  55039                                        Waller County                                 TX est14_TX.txt 06NOV2015
48 475     1604     1257     1951 14.0 11.0 17.0      612      468      756 19.1 14.6 23.6      424      320      528 18.6 14.0 23.2  53244  47821  58667                                        Ward County                                   TX est14_TX.txt 06NOV2015
48 477     4894     3925     5863 15.0 12.0 18.0     1589     1240     1938 21.7 16.9 26.5     1127      875     1379 21.4 16.6 26.2  55139  51645  58633                                        Washington County                             TX est14_TX.txt 06NOV2015
48 479    85109    79154    91064 32.3 30.0 34.6    38003    34513    41493 42.3 38.4 46.2    25171    22617    27725 39.8 35.8 43.8  37935  35963  39907                                        Webb County                                   TX est14_TX.txt 06NOV2015
48 481     6849     5528     8170 16.8 13.6 20.0     2577     2015     3139 24.4 19.1 29.7     1771     1350     2192 22.6 17.2 28.0  44110  40379  47841                                        Wharton County                                TX est14_TX.txt 06NOV2015
48 483      682      527      837 12.0  9.3 14.7      259      198      320 17.3 13.2 21.4      176      133      219 16.0 12.1 19.9  52548  47473  57623                                        Wheeler County                                TX est14_TX.txt 06NOV2015
48 485    23210    20440    25980 19.3 17.0 21.6     8644     7543     9745 29.1 25.4 32.8     5368     4515     6221 25.7 21.6 29.8  43379  40750  46008                                        Wichita County                                TX est14_TX.txt 06NOV2015
48 487     2000     1548     2452 15.8 12.2 19.4      716      544      888 23.9 18.1 29.7      484      363      605 23.4 17.6 29.2  39377  35318  43436                                        Wilbarger County                              TX est14_TX.txt 06NOV2015
48 489     7209     5922     8496 38.8 31.9 45.7     2521     1997     3045 45.9 36.4 55.4     1772     1388     2156 43.6 34.1 53.1  29782  26700  32864                                        Willacy County                                TX est14_TX.txt 06NOV2015
48 491    37898    34056    41740  7.8  7.0  8.6    13119    11009    15229 10.0  8.4 11.6     8597     7006    10188  8.8  7.2 10.4  73098  70607  75589                                        Williamson County                             TX est14_TX.txt 06NOV2015
48 493     5029     4022     6036 11.0  8.8 13.2     1717     1306     2128 15.1 11.5 18.7     1201      909     1493 13.8 10.4 17.2  62752  58653  66851                                        Wilson County                                 TX est14_TX.txt 06NOV2015
48 495     1041      817     1265 13.5 10.6 16.4      410      313      507 17.4 13.3 21.5      282      213      351 16.3 12.3 20.3  55493  49858  61128                                        Winkler County                                TX est14_TX.txt 06NOV2015
48 497     6044     4705     7383 10.0  7.8 12.2     2334     1775     2893 15.3 11.6 19.0     1652     1252     2052 14.7 11.1 18.3  59904  55353  64455                                        Wise County                                   TX est14_TX.txt 06NOV2015
48 499     6348     5046     7650 15.4 12.2 18.6     2069     1567     2571 25.1 19.0 31.2     1441     1085     1797 23.4 17.6 29.2  42753  39333  46173                                        Wood County                                   TX est14_TX.txt 06NOV2015
48 501      935      722     1148 11.4  8.8 14.0      393      296      490 14.8 11.2 18.4      274      205      343 14.6 10.9 18.3  60738  54412  67064                                        Yoakum County                                 TX est14_TX.txt 06NOV2015
48 503     2962     2335     3589 16.4 12.9 19.9     1061      827     1295 24.3 18.9 29.7      707      540      874 22.6 17.3 27.9  41872  37718  46026                                        Young County                                  TX est14_TX.txt 06NOV2015
48 505     4654     3842     5466 32.6 26.9 38.3     2131     1730     2532 44.8 36.4 53.2     1397     1105     1689 42.1 33.3 50.9  33291  29743  36839                                        Zapata County                                 TX est14_TX.txt 06NOV2015
48 507     3672     2843     4501 31.0 24.0 38.0     1528     1173     1883 41.0 31.5 50.5     1068      813     1323 40.3 30.7 49.9  26336  23529  29143                                        Zavala County                                 TX est14_TX.txt 06NOV2015
